Base-CSSD|SkyByte-P|SkyByte-C|SkyByte-W|SkyByte-CP|SkyByte-WP|SkyByte-Full

bc
65995.000 1143.000 65849.000 253.000 1105.000 160.000 161.000

bfs-dense
5227.000 4229.000 5227.000 3458.000 3310.000 3310.000 3311.000

dlrm
185067.000 99598.000 185067.000 5557.000 105679.000 408.000 1433.000

radix
35616.000 35606.000 35616.000 2146.000 35612.000 2142.000 2140.000

srad
23136.000 19197.000 23136.000 10090.000 19208.000 10075.000 14717.000

tpcc
3423.000 2512.000 3423.000 2625.000 2511.000 2512.000 2500.000

ycsb
161846.000 3616.000 169970.000 1093.000 4056.000 320.000 371.000
