8(Skybyte-WP)|16|24|32|40|48

bc    
 267692355.000  209183584.000  203890624.000  202818515.000  202301888.000  203601320.000

bfs-dense
 80626075.000  62451295.000  43571295.000  37175634.000  31766177.000  30451315.000

dlrm     
850324263.000 541750030.000 515964136.000 565542376.000 574882076.000 577283407.000

radix 
 891989696.000  384896413.000  367553660.000  360497428.000  356147534.000  353700188.000

srad  
 365004783.000  285243115.000   241658641.000  201654874.000  194674103.000  193264103.000

tpcc  
 120460641.000   98464684.000   90059886.000   89333983.000   89408622.000   89501590.000

ycsb-a
 988824168.000  866870914.000  869694903.000  872226163.000  871318222.000  854474684.000

ycsb-b
1318258260.000  940244828.000  888199019.000  868601346.000  850122112.000  845268687.000

geo. mean
1  0.712  0.645  0.621  0.605  0.600